data set

Monthly maximum wind speed (m/s) in Itajaí-Brazil:

11.7, 16.4, 10.5, 17.2, 11.2, 12.3, 14.0, 17.1, 13.7, 
14.8, 13.1, 16.0, 11.8, 17.9, 12.2, 16.3, 13.9, 18.8,
11.7, 15.3, 18.1, 11.4, 11.5,  9.6, 10.9, 11.0, 11.9,
17.2, 11.1, 20.2, 14.6, 20.2, 14.1, 12.8, 17.0, 17.5,
12.7, 16.1, 14.9, 16.3, 17.1, 19.6, 21.7, 23.5, 15.6,
17.2,  9.3, 15.1, 13.5, 12.7, 18.3, 16.4, 17.9, 18.2,
17.8, 18.5, 11.4, 11.7, 15.1, 13.4, 14.2, 13.2, 12.7,
15.1, 13.2, 17.9, 14.5, 16.9, 15.8, 13.1, 11.3, 10.0,
11.9, 19.1, 17.4, 17.9, 12.0, 13.1, 14.9, 13.8, 17.7,
33.9, 13.3, 15.0, 10.0, 14.2,  9.0, 13.5, 14.4, 21.0,
14.5, 11.0, 13.7,  9.6, 15.6, 11.1, 10.1, 15.0, 14.2,
13.9, 11.2, 14.4, 16.5, 17.4, 15.1, 15.0, 11.2,  8.2,
14.0,  9.0, 10.2, 17.1, 12.3, 13.8, 14.9, 14.2,  9.5,
14.6, 14.2, 23.4, 22.3, 20.7, 16.4, 13.3.


Daily average atmospheric pressure (mb) in Itajaí-Brazil:

1019.50,1012.98,1015.30,1009.27,1007.93,1002.36,1005.68,1007.61,1010.59,1009.25,1009.00,1010.37,
1014.14,1005.07,1024.94,1005.44,1004.36,1004.10,1013.19,1009.05,1014.91,1016.95,1009.79,1012.55,
1010.96,1020.83,1027.76,1003.45,1008.13,1002.25,1004.10,1007.99,1013.91,1003.94,1015.21,1011.08,
1022.55,1015.98,1014.87,1008.13,1004.19,1005.87,1012.31,1007.40,1010.28,1009.59,1014.40,1009.57,
1014.91,1012.18,1013.84,1010.47,1011.16,1008.73,1010.81,1005.89,1012.20,1007.09,1009.13,1015.16,
1011.15,1013.81,1010.53,1007.99,1016.45,1009.04,1006.77,1011.67,1006.40,1009.36,1009.89,1018.98,
1015.85,1010.10,1004.89,1002.33,1013.23,1008.58,1004.06,1011.69,1010.00,1004.33,1005.81,1012.62,
1030.08,1013.12,1018.08,1002.69,1008.30,1006.54,1008.54,1008.65,1007.64,1023.20,1006.70,1015.55,
1018.34,1013.74,1014.90,1003.51,1009.07,1012.04,1011.47,1007.88,1010.58,1008.08,1015.83,1018.83,
1018.26,1014.37,1018.20,1008.27,1016.92,1006.03,1008.60,1013.76,1019.47,1006.77,1010.17,1007.67,
1007.10,1008.10,1008.76,1003.35.
